19670205
20720476
23966182
4052899
19291525
6111678
5205627
50258548
17679013
14895992
504225
9429459
5356223
19467836
6196955
19363137
5319197
2033368
17887018
3580894
20889050
16722736
21171513
21019682
4516603
500904
20836444
6049844
4276008
2458441
2269804
9977754
21362798
22917485
13884647
17995315
5924501
6152682
6013798
2420104
2869189
4600767
11566437
4714973
17191341
504885
13889363
6169765
2377246
17953026
14708448
43385483
21754106
5278796
2873341
5412122
17635656
17815374
22582254
20926167
19441164
18228879
501065
14173614
5712781
13784702
18499724
584551
21352202
6568217
2921428
22339841
2064157
21678163
18533886
8898289
6030782
5537819
4100083
5606377
21649203
15959175
3429799
23990997
18101277
3292306
503353
2396380
2815780
5668421
22916210
19638931
22347995
19829029
13856991
5371454
18220202
27421074
3032710
9041440
3427117
5148607
5249540
20720807
68003211
17165285
20916623
2876866
1894015
5721724
23881525
4271630
3578740
2368495
21805091
504464
27431729
17869659
6152649
21961691
500460
14180269
9043409
3511363
2244616
5420800
23612297
21287686
18084636
5722064
501419
1934668
2224159
5313013
504795
4043482
32865866
10017191
19369909
501146
20830818
2785468
24078342
2199823
27550788
24997977
14714390
5389444
13809746
504038
21361533
5277310
500589
17873296
15874958
500395
21045571
18021863
8249113
13792348
69965580
5575891
504979
2048551
2042965
32482421
13861802
18615887
502513
27015545
8127751
503509
4737006
500526
8022978
19643403
14713700
17960248
3224332
3056302
4556167
18260088
500349
28615981
8979048
2397004
5205703
2772607
501212
2061259
500829
15131931
5149335
3510544
16789967
19298650
27333505
6211029
8959174
56540735
4213779
17648683
13721497
14718895
3868909
9963232
4186046
21604397
2860426
500622
43599004
504803
4500491
5332363
4500496
5252096
4500494
4272562
561291
15091461
19281854
17810406
10668630
19291463
20842584
21993470
3129469
11547161
21049219
8717558
23006459
5714144
6748847
8983971
20700701
5514678
501074
501073
2636710
4676160
500689
4131721
500071
2459488
65635246
500173
13660029
22950639
13777467
8925117
3876475
21049129
559844
4733116
2538064
2972056
2821057
4722735
2054494
17985960
10349556
5707192
5623951
6073901
1998673
500218
8903730
2033131
6145588
2278378
2563183
23451166
21225291
21173577
23022705
2326123
5859419
24338223
27348970
503577
8932900
19277277
6147299
6057923
21308595
3428581
4171230
9898519
65720770
500887
8022039
5719335
2294248
19623998
3561583
5528723
8067103
16004420
15909534
4215556
