10022263
5439372
504860
6440760
6694871
63218225
27189166
20843382
22132248
5371439
19642310
21746947
11552135
19825083
21560884
22656889
9964442
5589814
19291503
23925983
9462534
6336525
500250
573922
27137313
45313254
4092751
26233186
18602068
4101193
11955222
28425895
18477995
5517856
67784625
21730061
5528732
2883661
8865870
1896469
27469490
13932592
2023867
505285
13831770
2110732
2504440
19612173
18738097
3521629
6020647
20894897
6027006
5651353
19684259
8923071
5724766
20721579
10346981
19615449
8225868
3444439
4522167
6161529
3558658
500102
2533408
4970327
8966038
5201853
23982023
58346225
6715152
8687173
14184826
3995935
22873604
5867826
2014165
23337997
15965986
4677920
17886206
22708171
6645103
17182037
8065402
11557105
502141
6134443
23974176
8065409
2060182
2804128
3287650
569909
2060188
2077120
19643516
14174516
500621
24068599
18189905
15919639
3259681
22140668
17654577
4017154
505834
4017151
11556193
8048444
24070957
5501138
5363134
21865211
9359347
5274716
8076251
17149436
27333622
504168
8009245
17889474
6163777
16799393
13876883
501509
18178278
21351023
6015711
15964978
12286667
6007445
5529178
9334265
5443843
2236912
10646932
6442342
503065
8996458
21336956
15123172
2050819
22075218
505797
22807288
18526090
4974649
19651391
21178675
3636883
4548535
11571188
501002
8062978
27015518
5093885
4507751
6850571
8029602
3281380
23297430
500068
500063
4714751
2186323
501895
13784645
3531196
5723852
2878744
2121688
2705458
17627682
3144349
3377959
13663843
3088690
2808400
506444
5530450
3259888
14721281
3468463
10654959
9029614
506822
2372731
500668
17145949
67882583
12597743
3883066
20698808
8067558
15864424
4500911
21732793
2856934
23999832
21316992
503746
23895008
506785
19429023
2635846
22071906
9792538
4522834
4550707
586620
500711
26232805
21274580
6603735
19642300
23674397
21037013
23684229
18201820
19791288
23480079
16979822
17877763
500242
500241
500988
21727668
9039237
3703555
5987372
2120266
23115461
1946194
15859110
13879098
32527320
18204916
21802221
14911084
16982728
501534
15964989
3340171
6043342
22392103
2946028
5625986
19635046
18623225
1919890
2483137
22586062
8901769
4127418
3297229
5275754
19146584
18024147
3020776
6005563
6162303
5473698
9289708
4621391
5142359
6029378
4538396
8899178
6061638
6586622
18004188
3512404
24309683
505596
505597
4223460
5408832
23424601
8039800
13722574
15130863
5419871
4130558
2491156
2032762
6110204
22216979
18202207
20952202
5574643
8359005
33680160
18779510
17195312
505181
66023404
5750860
