3521644
22975446
2574211
502333
13765120
21724990
19632748
21130097
502656
503315
14904820
3441013
5292360
501374
6378140
2761069
4088803
6232488
6379482
24006760
6444591
18723419
23326639
501135
4517519
22465085
4078315
502532
505843
5567930
6251124
18080179
6070498
18613568
4708474
6439324
4737917
18480118
504177
15909519
8905535
22936478
5541475
5208908
5209815
5478499
17701067
3500023
500870
21829897
23361031
5527477
22677653
27312354
3866794
6013675
18278723
5416863
6134249
21225390
5375578
5856757
8359850
22886099
2786317
17871156
26979034
4618122
4197182
13848619
9002149
22217421
8013287
503176
23677027
23092242
5480526
22075781
17685876
15124964
3182872
3548134
6586451
17180270
32476237
5157153
3648307
3558691
18053494
21284429
3351334
2497894
1961362
4564316
5314832
5575882
10348515
22142004
4096520
8910946
502507
502116
500650
8845597
16817111
2009962
10329231
3042538
500792
19601627
500494
11575638
18357630
21761749
500555
500553
38571734
19611959
14734396
24606795
3470176
13712893
5734171
15879155
5563153
2005630
19192648
2943661
18298061
14908361
21302704
2329456
3386005
500721
5878554
4675364
1903537
5568083
23939291
3489220
2776801
23684213
5447360
18402561
6188968
18229644
2481838
3488704
18325667
2748850
